1945,392316
1947,437544
1951,541517
1952,566227
1953,595234
1961,703255
1962,705391
1963,704776
1964,702811
1965,698007
1966,693890
1967,682464
1968,676500
1969,673091
1970,662809
1971,650377
1972,640006
1973,628498
1974,618517
1975,664336
1976,615494
1977,607560
1978,600057
1979,594770
1980,590479
1981,588808
1982,583445
1983,575805
1984,565843
1985,561686
1986,560572
1987,565545
1988,569641
1989,574022
1990,575794
1991,577561
1992,578135
1993,574936
1994,572638
1995,571030
1996,571475
1997,570969
1998,568440
1999,568855
2000,569364
2001,570765
2002,571886
2003,572511
2004,572663
2005,574514
2006,577505
2007,581122
2008,584217
2009,586217
2010,588735
2011,592393
2012,593682
2013,598686
2014,604527
2015,612178
2016,613230
2017,617280
2018,619294
2019,621877